25014
25014
25014
24643
24233
24233
23795
23795
23795
23359
23359
23359
22937
22937
22937
22937
22519
22519
22519
22519
22519
22111
22111
22111
22111
21690
21690
21690
21690
21690
21691
21691
21691
21691
21692
21692
21692
21280
21280
21281
21281
21281
21281
21281
21281
21282
21282
21282
20870
20870
20871
20871
20871
21284
21284
20873
20873
20876
20876
20874
20874
20874
21287
20877
20877
20877
20465
20465
20465
20466
20466
20467
20467
20467
20468
20468
20468
20093
20093
20093
19720
19721
19721
19722
19722
19723
19724
19724
19724
19361
19361
19361
19726
19727
19727
19727
19727
19672
19673
19673
19673
19674
19674
19319
19319
19319
19321
19321
19678
19678
19678
19680
19680
19683
19683
19684
19684
20053
20053
20049
20049
20436
20054
20054
20055
20055
20056
20056
20056
20447
20447
20447
20447
20858
20858
21270
21270
21271
21272
21272
21685
21685
21686
21686
21275
21606
21606
21606
22021
21608
21608
21608
22023
21610
21610
21610
22025
22025
22026
22026
22026
22436
22436
22436
22437
22437
22437
22850
22850
22850
23274
23274
23710
24148
24148
24148
24150
24150
24150
24554
24554
24923
24923
25275
25579
25850
25850
25850
26117
26117
26387
26387
26386
26386
26660
26660
26660
26930
27195
27195
27443
