24983
24983
24983
24983
24983
24983
24983
24983
25374
25374
25374
25374
25374
25374
25374
25374
25374
25828
25828
25828
25828
25828
25828
25828
25828
25828
25828
25828
25828
25828
25828
25828
25828
25828
25828
25828
25828
25828
25828
25828
25828
25828
25828
25828
25828
25828
25828
25828
25828
25828
25828
25828
25828
25828
25828
25347
25347
25347
25347
25347
25347
25347
25347
25347
25347
25347
25347
25347
25347
25347
25347
25347
25347
25347
25347
25347
25347
25347
25347
25347
25347
25347
25347
25347
25347
25347
25347
25347
25347
26452
26452
26452
26452
26452
26452
26452
26452
26452
26452
26452
26452
26452
26452
26452
26452
26452
26452
26452
24322
24322
24322
24322
24322
24322
24322
24322
24322
24709
24709
24709
24709
24709
24709
24709
24709
24709
24709
24709
