-81.86769	26.37757
-81.86769	26.37757
-81.89019	26.40049
-81.89019	26.40049
-81.89019	26.40049
-81.89019	26.40049
-81.9892	26.4446
-81.9892	26.4446
-81.9892	26.4446
-81.9892	26.4446
-81.9892	26.4446
-81.9892	26.4446
-81.9892	26.4446
-81.9892	26.4446
-81.9892	26.4446
-81.9892	26.4446
-81.9892	26.4446
-81.9892	26.4446
-81.9892	26.4446
-81.9892	26.4446
-81.9892	26.4446
-81.9892	26.4446
-81.9892	26.4446
-81.9892	26.4446
-81.9892	26.4446
-81.9892	26.4446
-81.9892	26.4446
-81.9892	26.4446
-81.9892	26.4446
-81.9892	26.4446
-81.9892	26.4446
-81.9892	26.4446
-81.9892	26.4446
-81.9892	26.4446
-81.9892	26.4446
-81.9892	26.4446
-81.9892	26.4446
-81.9892	26.4446
-81.9892	26.4446
-81.9892	26.4446
-81.9892	26.4446
-81.9892	26.4446
-81.9892	26.4446
-81.9892	26.4446
-81.9892	26.4446
-82.19982	26.55236
-82.19982	26.55236
-82.2231	26.6115
-82.2231	26.6115
-82.2231	26.6115
-82.2231	26.6115
-82.2569	26.7118
-82.2569	26.7118
-82.2569	26.7118
-82.2569	26.7118
-82.2569	26.7118
-82.2569	26.7118
-82.2569	26.7118
-82.2569	26.7118
-82.2817	26.8119
-82.2817	26.8119
-82.2817	26.8119
-82.2817	26.8119
